8907
5038
2672
3110
4692
8471
3613
2544
7019
4881
2499
2486
6099
7247
7942
3377
3637
5303
670
5468
2341
3615
8336
8373
2744
1416
98
8738
1983
1794
8588
3340
2478
867
8570
5571
6003
3610
2093
1503
7187
5446
4871
885
6925
1788
8410
3155
5614
8277
2287
7303
3185
35
7182
1361
3531
5055
4848
7371
7968
5985
40
7120
6636
1056
6602
8988
961
2875
5004
4685
6888
3433
5262
7069
8064
5950
1795
3855
852
4298
832
1959
5635
649
7545
3807
4234
693
6607
7944
6031
7621
8761
5549
2597
7654
7644
4431
885
3851
8981
8018
6316
1701
4589
4015
2254
128
614
7883
5719
2016
4810
1458
5249
2110
6563
1283
3460
559
365
645
1515
2908
6868
6796
3210
1416
2133
4624
5400
2333
4894
6798
3936
7376
1905
3745
4060
6478
7916
1329
3611
3785
5223
7206
4578
4217
5387
1354
7422
6920
1973
1590
5592
543
8480
8560
329
8517
3642
2642
1531
5331
364
6532
270
2140
8686
8242
5466
4086
5970
7766
3939
6629
7546
2418
3262
1742
2310
2648
5384
7752
4661
4156
831
2696
4261
7567
621
6698
1422
5991
2749
7633
8462
7742
611
4604
2228
353
594
5720
4541
4034
7803
4132
2637
6921
1702
7435
2962
831
1220
5083
1323
1929
4237
672
3971
3192
3979
7260
1315
8562
7349
2058
7802
3116
2399
7672
4377
4466
771
4722
1727
1926
3547
8340
4904
7628
1405
1821
6170
6411
3705
1170
7802
3373
6644
3137
943
7191
4374
7467
1579
585
7426
8994
7377
8663
8843
4542
7186
5608
1823
2388
6890
7356
286
6843
659
8828
6854
7470
2513
3410
1292
426
8680
8586
268
1110
8901
1017
4535
7181
2331
6454
6834
2488
1085
7499
1033
8964
3031
7208
1452
7126
2081
8382
8158
1885
5688
7277
6552
6719
7702
6866
3515
7637
7475
4103
4272
4147
4918
7423
7624
6695
3587
3120
5751
6067
317
4082
4132
3818
253
4728
8845
1023
6054
3639
67
4611
2228
2661
5255
7891
6151
6206
7594
5908
5275
7143
929
7517
1252
768
3872
3639
495
3163
3166
3670
2907
222
211
6484
5290
7931
6840
5930
5942
8924
2497
4229
6008
5821
4722
1496
5219
6016
2384
5914
4786
4783
8626
604
2731
8877
2199
7429
689
1160
4347
5306
8447
7562
3285
6651
7509
231
3829
6042
5475
2655
5851
5075
6442
1224
2394
3765
7752
3971
3970
2525
4830
5382
3408
3658
8559
1327
2587
1906
879
336
189
2508
7642
4409
5764
6240
1193
870
7884
5338
6940
6043
4362
2111
6874
8650
7579
2985
8003
2856
518
7682
580
3059
436
3404
4761
5354
4344
777
6475
3211
7288
6306
7213
2990
4260
1991
5372
4721
631
7748
7735
4966
4772
3853
4223
2719
2970
8980
1086
577
6256
953
7108
8000
3473
7690
2242
5684
4109
462
7419
2502
8002
698
8664
5404
4054
6878
246
694
209
1246
6316
3672
6367
7046
6117
6872
8884
6527
2659
7577
6324
7096
5527
6006
6806
2522
7296
8474
2371
3827
1462
7036
6689
449
3133
1959
8743
3113
2805
5388
1667
3259
8452
2929
3194
3252
8629
3658
1112
5703
8039
2549
1378
6668
3044
5438
2359
2078
1090
1709
7345
2904
1
2250
2171
3057
2139
2128
4155
5195
4474
1402
1864
2915
4872
8597
4994
869
619
2696
1808
3838
4736
2649
2408
7905
7125
8660
4012
7585
775
6776
8128
7517
2480
7701
7152
8085
8194
5770
7107
1622
4486
4001
4563
6267
6380
8060
2331
981
957
1815
1267
8494
7808
3079
5711
1731
7265
2666
6903
1348
6184
2064
4207
2664
7287
501
1670
7494
3238
3714
4532
6853
8379
7489
1686
4719
4862
6817
6440
4845
6819
5811
1621
5130
2842
7327
2272
3788
7963
2850
3631
4044
2731
4737
481
1387
8640
8043
6460
4553
4259
6784
3994
7673
5385
4399
4369
8081
5195
6917
407
7960
4718
4151
5460
4724
7984
7259
5153
5689
6694
677
366
2466
4154
6930
8496
8976
6
7415
8009
5736
2630
133
5774
6863
7210
104
4934
251
398
1653
7788
5782
766
287
2353
7741
6612
3410
2096
282
2070
8626
1921
8319
427
6772
4488
2418
3198
5884
8221
6401
6199
2219
6224
7087
5764
1780
5577
5210
6544
2890
2664
1797
4659
8764
251
4341
8948
1239
4600
6799
7274
4672
5005
5250
942
3376
8741
3375
3393
1500
4296
7758
6592
1765
6092
8406
814
2608
5167
7211
2215
4316
5707
2458
364
5448
4701
416
5725
2592
5969
1812
7235
3494
2830
2050
7708
7087
1328
4730
3544
4192
3406
1273
3481
2397
5675
3919
5854
3635
6775
6951
7219
1918
354
7727
4459
5960
3594
2232
7223
7452
5972
8838
3516
2735
7129
1560
7050
4742
5512
5150
4986
7409
6426
6543
2588
2212
4043
3900
4789
2156
6415
4367
2850
5053
7273
7311
6848
7456
7515
5624
4702
5919
8155
3568
5714
8738
5062
3444
7632
8348
3302
7990
4250
6567
6742
1096
1348
6464
8220
8701
1972
6894
334
8513
5380
5648
2781
4319
4836
1202
2644
3948
998
2931
8705
8719
6628
742
4120
2739
2531
6767
8197
4251
1781
7535
8673
153
686
1311
2496
5200
7608
94
734
4071
8795
6612
8091
1797
8119
4891
1144
1898
247
2428
8253
1268
8992
4439
689
8174
8735
1415
5734
7318
1865
729
325
8743
3228
7195
2303
1626
2295
1042
7381
157
5240
8086
726
5014
333
6195
5292
8494
6382
2602
5622
414
2865
7020
2430
4872
4925
2906
4865
2302
7783
5431
436
4987
2468
976
6972
6276
7850
3889
7080
5441
42
879
4704
4606
8632
2172
2530
5425
2121
735
8095
2324
4254
4234
3114
5925
2068
5855
4396
1039
6197
7848
1150
139
2509
5097
2087
8699
7957
1991
646
7314
3051
5038
7909
2710
2860
3342
3166
8379
3877
5510
8507
3406
3562
4458
436
3453
272
1042
5789
1516
6923
7674
6384
5830
3581
1121
7525
2231
7026
3381
3394
4780
5910
6000
1643
2429
7165
7054
7481
5234
3799
1490
3331
4209
1126
7538
319
2619
4709
4695
6946
4935
3780
8223
355
8974
7350
4120
3590
2030
2225
1483
2087
1195
5312
5303
7598
3013
4292
2089
5705
7717
7228
8759
7972
5226
4677
8753
8692
8580
7965
5827
6887
2501
7851
7625
4725
4631
3882
6297
269
5322
6133
3319
3203
4383
8304
789
3397
2830
5018
680
1163
7224
8302
5742
3022
8531
4784
2365
8096
5701
5247
3971
5838
6700
702
1041
4142
5138
7659
577
204
6194
3748
363
3882
5552
3498
1994
1992
2212
8060
5940
5895
1334
5155
1783
6691
5470
2055
5915
468
3973
7551
3879
1101
3112
4653
5141
7239
6359
346
3199
438
6483
186
6962
195
3017
5504
3170
3525
7558
3470
2960
7550
1628
966
7145
5342
5764
2161
8789
8505
5216
4739
6644
5998
908
8648
1641
4173
203
4855
8362
8924
6404
3953
420
2149
403
8131
7504
146
6393
7935
3818
5036
3195
2643
724
2418
8645
1525
5667
8174
7466
8720
4796
5194
7880
3458
3677
6859
6724
4615
7046
5210
574
6023
2771
3111
7112
773
7584
6913
3257
2206
3212
6453
6544
5556
8343
7268
3622
2593
2764
943
1635
3031
4797
1976
8973
439
3902
4287
4361
6359
456
1703
1930
8242
4491
1028
4016
519
7596
7126
606
3298
6404
5663
8449
3525
3317
3508
4573
2684
1267
5173
1391
5532
2688
8923
5758
4357
7090
8076
4899
6866
353
5801
2103
1259
4559
511
215
5674
7181
6595
7401
8701
5836
6887
2100
7581
5976
2607
6896
6969
8152
7891
414
53
5815
1905
5273
3433
8904
4789
8406
777
33
5284
2606
27
4124
5966
6731
5418
4928
793
8323
5499
814
130
5394
5525
7182
3334
1398
8528
6864
4597
3521
616
7514
4615
308
3838
4353
3671
1690
7069
5567
3425
676
8619
5022
6247
6567
7595
7496
3820
5491
2063
315
6805
4536
6754
8054
3543
7016
933
4677
5453
1967
3740
6457
5204
2518
3949
9
1338
6927
5862
3689
7001
3803
7695
6945
1718
7306
7084
6125
7916
4048
5511
1109
3745
8224
5563
7482
5548
5002
2372
286
6724
6696
7285
8196
4653
8629
7948
4506
7419
2767
1584
3914
489
149
2685
5335
2089
8578
4221
1304
8397
4285
6067
5789
1913
2599
6042
3389
5381
788
6161
3939
7542
8840
6715
1063
6110
1075
8674
6189
931
400
8930
3154
3287
5218
7508
8025
2374
4980
3428
8768
475
7081
5999
6839
4591
1683
4409
6548
1106
6661
5409
4689
877
7383
7759
8403
3867
5877
7716
7709
1285
3046
465
553
8231
4122
3581
2991
6900
5346
8966
7306
1473
7238
8908
4928
3031
5817
3502
377
1091
2155
7190
3460
1818
5310
6947
8198
8068
6052
8292
3962
5610
5570
4219
617
7271
1659
2698
6758
4569
8885
7830
6816
3782
2136
5294
10
5197
626
7331
1192
3439
7653
5014
5834
7759
2109
8976
7624
796
2276
8948
6180
3904
8821
6117
4021
8058
8280
1545
3663
2094
5170
5635
7499
4667
3229
2033
494
5497
4427
3452
4900
340
2702
8122
3364
3978
2404
4214
8481
365
3577
224
4383
6708
4045
4122
5640
4467
3168
8499
4993
255
6523
7258
2579
1583
889
2918
6154
7915
463
2234
6756
7148
5021
6927
8965
3121
3819
8865
1448
2043
2291
1585
6270
143
3364
2189
6399
4559
1666
6949
7132
2264
7689
5744
4307
7285
4104
7449
7683
4190
7221
3746
6678
2571
7682
5203
5471
1484
1445
7643
2348
4047
2785
3271
4785
8366
1372
5326
6394
3136
2262
4527
2911
8351
600
8044
2647
1655
5405
6525
6599
4535
7067
1101
8020
4883
4889
7516
8758
5640
7467
3175
3913
4054
1
6842
5165
3707
6195
6418
6485
3281
2607
4635
476
5441
3277
4313
2935
555
7081
3746
4875
6360
2214
220
3791
5846
4463
644
2542
1960
8878
7858
2332
3547
2468
4459
5883
4803
2057
4153
404
324
3269
2091
3817
7720
7884
8641
4415
444
6530
5581
2208
4907
559
1102
6017
7827
8225
2108
6121
7977
2955
2543
7191
2219
3702
2375
5505
123
1729
7640
3873
3258
8578
4997
141
4092
2536
6055
2011
8515
2210
3076
5361
4730
5031
3000
4541
512
7213
4631
8668
246
3381
5691
7201
6650
8121
7581
7936
1308
920
1139
37
4790
8414
1906
5781
7238
6662
1079
2862
524
7057
3636
3212
5433
3111
5094
2564
8755
7698
7116
2530
704
5811
4380
5731
4147
156
5340
6202
2685
3050
6086
8094
5072
6858
5005
4923
5031
5203
2444
3808
7555
6297
2771
278
2658
8411
3668
1077
8623
1314
5215
330
553
662
8297
2840
5765
617
1117
1812
3786
1205
7385
8844
851
8665
8167
7561
565
8003
4516
5690
1014
3173
6683
4554
1114
6546
8027
7981
7590
5285
5701
2405
1086
7171
7934
5756
5174
8406
7331
2264
6711
3955
2825
7664
7735
8453
6923
3340
7143
8055
7899
8581
6160
4953
5660
1970
1598
2407
2990
6120
2463
7804
5297
8998
3
3744
1126
6065
1871
5150
2215
600
4233
2146
4997
2984
7820
529
524
1933
3781
3631
4323
2174
3190
4767
8088
2378
820
5585
8215
6947
7325
8849
10
6922
2814
6135
4682
2473
223
7995
7438
5687
3439
7040
7370
2536
7391
7162
869
3221
775
6504
5743
8972
2111
1501
2862
7475
4133
3035
3493
120
602
7666
1275
1821
2633
7564
584
3175
6968
3604
1831
8741
7727
5317
8835
4267
4523
4278
7186
4802
7594
5466
6366
5406
5843
409
2118
7703
76
5293
6041
990
640
1770
1442
6677
603
4706
8593
5239
6989
491
1527
124
7753
5955
7993
2541
218
1971
2844
4956
1747
607
4321
3560
845
2156
2297
4647
397
4682
5074
3328
2774
3945
3618
2708
393
1240
807
3356
2580
2239
1760
4969
2938
1836
8382
6802
50
603
6098
5801
6514
2989
4899
7018
732
8273
6455
6071
6048
6886
4434
3670
7480
306
4988
7485
7870
1895
1191
8410
3497
2093
2384
1160
4751
7651
8578
6426
8798
1651
2507
2611
7073
1600
4317
3514
5143
8759
7261
8987
8448
1818
2631
3982
8975
6128
8669
2368
8695
2958
4696
6551
8208
6894
2873
7613
6158
3511
1669
2720
741
7315
2997
5344
5043
5138
3188
7055
3700
3233
5130
3912
6874
8017
3847
3473
3026
8077
4058
6414
7069
7334
7584
6550
6884
3526
1054
2279
58
2648
3278
3230
6540
8840
8377
6389
4718
86
3083
8829
4526
6297
7299
636
7465
8982
991
505
3269
1118
4152
4406
5389
6392
2007
1558
3293
3029
2967
2553
8190
6897
4243
4577
3290
6177
1338
4768
1925
126
3743
365
429
8720
7151
2332
5224
969
1593
140
5514
8457
4606
7144
284
4999
8371
4529
6725
3723
7325
518
7152
4726
2577
2853
6529
1429
899
5824
2244
8310
1973
143
4562
8318
8103
5737
6469
1012
1287
4090
530
8438
8484
8388
5145
7307
2509
3540
3319
2033
7177
2711
3702
7018
6735
8468
3601
234
3890
2048
2083
4161
5706
2174
6342
4569
1634
1521
7086
7459
5558
3659
4885
5467
8666
7446
7623
1027
8957
4326
6381
5869
3726
2999
199
6939
780
5413
1941
6361
2822
4397
6884
8592
7461
5805
5240
8360
3015
7494
7159
4257
6514
8202
1766
5475
4175
173
1693
1106
3414
4528
2153
7407
3347
4034
763
6486
1056
7787
3788
1790
6891
5905
4962
775
6165
7366
5394
1304
8659
2390
3190
3292
5699
7331
6982
2282
1795
4863
8456
6552
5889
3650
5802
6652
149
810
4530
4972
3895
7841
1340
3682
249
4853
8380
4555
1084
4605
6957
6614
3868
6533
2920
6062
7074
4479
6004
5766
5567
306
8016
4603
2771
5266
166
3947
6131
3315
5948
6920
172
6428
4916
7237
8866
3635
7764
8478
5090
2851
8067
4816
4455
4968
6607
6413
2114
1817
884
2980
670
4086
6756
712
7230
3684
5904
4214
1844
7624
5887
3610
8314
6931
5856
1884
3275
6138
5125
584
8025
4141
4822
311
8995
8612
8214
3076
3143
5384
2469
5404
5235
4956
5978
2192
6230
6111
3290
6188
3729
6022
1519
2069
348
404
6830
3498
7939
5654
7347
7885
7630
5182
8759
7390
3503
6439
6744
1561
7541
1805
6914
4433
3936
5728
3383
5045
2446
6588
8564
2654
8238
8717
4552
6865
800
6104
1419
7526
6407
4198
5649
7432
6345
1907
7292
383
7089
2423
2865
2085
5264
3068
8562
3950
241
7443
9000
710
3169
4334
3887
5124
8232
6455
2180
7285
6107
6838
5628
2077
7402
7460
7205
6673
382
4473
7002
4100
1401
5173
570
973
2105
6178
1977
5356
4898
7639
7593
4414
6214
4355
7937
4003
8776
3748
2036
6617
5785
8742
2444
6362
6614
4924
4016
4142
1056
4276
5597
5982
6532
2445
2449
2944
3244
8227
1463
7089
6677
1969
2276
8424
706
1019
8794
3570
7520
8647
5815
372
6410
4549
1722
1563
8414
4317
2965
8483
5443
7441
6810
3097
6190
1717
947
5841
7120
7805
7633
6165
6488
4856
8724
6221
7457
4360
3909
5243
4787
8146
2575
4565
8071
727
1038
8712
2938
7958
8066
3722
129
2725
1385
5593
1724
6527
8830
7695
2298
342
8727
3840
7936
7906
5457
6265
6331
5945
7088
6311
3252
908
4544
3174
5243
1650
2427
3292
2947
1261
5664
5509
3475
3670
671
5967
8031
7800
4300
448
1454
8011
6701
8571
3133
5647
349
8345
7924
2531
7985
4690
5730
7694
7438
670
1617
7317
8437
4711
959
4886
7816
8576
4005
3094
7362
281
5391
1458
8555
3936
5401
8001
1082
5429
109
71
2598
6133
1560
4562
8156
5261
3504
1015
2572
5407
4458
7616
6739
8447
4931
1225
176
4247
1678
5555
8925
6880
1513
2033
1157
8293
7052
8525
6991
3042
8223
8430
580
4881
6722
7767
8542
2045
5609
6853
5126
4222
8998
3415
4343
1622
6205
5741
1880
4781
7652
2852
2685
3856
2481
768
6546
2423
1064
6116
6536
7205
7180
145
5971
3769
7720
2358
5945
899
2218
3230
3020
3830
7883
2243
4894
1319
2143
2994
6638
5217
7011
2139
3602
2958
4806
1568
1408
7356
5784
7696
3668
4901
3338
7253
4678
7996
4534
2189
6256
7809
1824
6992
2482
3009
259
1568
7962
5398
5898
6809
4956
329
8807
7003
7631
8853
8714
765
4343
4564
1992
8744
1987
7581
3010
4937
8914
1531
688
7027
2098
8610
3548
2064
2455
4569
3659
7257
2019
8731
2542
7458
4074
7342
3780
232
5428
1416
139
905
4437
8752
109
7362
7863
7816
2806
4682
6022
7590
3051
676
3811
5210
3925
2403
2172
1317
3198
599
7827
2345
3362
4272
3346
2751
2398
2720
8600
517
8171
5729
931
8323
7910
5659
7329
7207
5350
626
2278
630
3212
1165
4808
5960
1917
8327
1905
4713
8164
1141
1341
720
7710
4884
3969
8118
6966
2781
7707
5604
4422
1630
3498
4254
426
2749
1665
2134
7127
137
1265
1718
1772
8581
8168
8559
609
4504
8731
422
6767
5870
8762
3478
4825
8994
3198
4959
3103
8332
5291
7812
7135
4414
2505
7871
2995
7063
7278
479
8943
4857
413
2396
1179
512
2614
2913
2835
5871
2727
6865
1575
5884
7710
8505
1333
6643
338
3561
7667
7801
5183
2235
3229
693
5420
3922
8902
1878
3617
5086
7022
3279
6876
7853
7890
4794
7336
4589
6283
1030
3623
3306
4182
1577
7796
4392
4643
1473
4651
4034
2790
8794
8033
352
5384
6762
8491
8099
1248
4689
8115
6106
6995
6993
6207
5934
6499
6865
8005
8773
3398
1968
1231
3104
3016
258
5535
4750
8539
8313
7138
7644
8107
2718
8957
8391
2178
8375
1050
3855
2452
6952
4519
5965
1171
6564
5741
7551
2873
8806
4636
7482
7375
8122
3596
3499
5581
5139
2263
435
6073
8896
2998
7046
3010
1334
1567
1813
1972
223
7897
5098
258
6077
7789
5282
3613
3190
5437
8850
6210
4008
8871
769
7211
4366
3848
6294
81
930
1573
1758
3469
1968
6425
1177
6970
5997
4878
5514
4746
432
5452
2929
6846
3556
8977
7985
4635
3564
351
5721
1322
2814
5364
1677
1180
8018
7731
6451
8927
2913
8689
6567
6665
8224
8335
39
396
1439
7359
2182
6230
1864
2616
2723
3988
5599
4823
1580
4647
6077
3312
6840
6560
6006
373
6223
8796
7997
8654
2279
3664
4271
8481
3076
5082
1010
7799
643
6507
6741
8622
277
1226
6244
4686
2383
5680
4203
2801
504
2008
8113
4059
624
5522
6125
8723
6088
4437
6665
2839
7811
5751
4546
2467
5408
4167
5761
5639
5967
6496
1497
4120
5376
874
7569
6880
7379
3580
4727
1253
3312
3837
4543
1249
8194
7704
4834
6438
91
1569
1124
6125
1185
3375
7207
3632
1788
2529
2514
6512
8377
984
2175
7825
4795
1890
8250
2813
2600
3392
3545
8422
348
3026
2209
4980
3874
3537
4655
1676
3962
2912
2487
2330
1070
7537
5579
5101
6977
3259
2741
3381
6440
7230
3479
7223
2109
646
389
5353
1117
312
3088
1937
2722
2010
5426
4897
1345
6674
3318
1232
1288
7155
8790
4917
2588
4085
5253
4825
2458
6342
4135
180
5007
2696
6147
2593
7742
114
6342
6607
4255
6142
8301
8494
2664
6000
8318
6493
5170
4025
1522
3169
846
7328
2342
1674
6101
4036
7589
2611
5299
566
1772
5280
4054
5699
1068
1162
2293
8444
8313
7607
5677
1022
8090
5186
1525
2525
8584
7632
3335
542
7987
5729
4652
2115
1682
6587
1397
5916
4281
1624
3380
1124
2284
8402
626
4578
8026
4324
3271
5970
5786
6461
3992
7698
1651
3886
6143
1668
4802
8233
3584
6473
4865
437
6743
1736
7557
1298
6233
2525
6423
7337
2897
1662
3083
8433
1383
6111
104
3624
138
2007
8009
3360
7377
6541
260
8519
740
5606
7466
2376
1819
1635
3843
2112
6530
2282
2676
3485
3827
1188
8607
1560
1570
3689
673
1230
8174
3475
5853
8925
918
3653
2444
8228
3270
8873
1379
705
4888
476
3863
4081
6151
4894
8158
3270
3141
4889
2879
4063
5716
3910
8112
3977
46
639
191
2964
8412
5387
4208
8253
4455
8842
1826
7658
681
2242
7718
2640
6591
242
1213
2570
2109
4754
2520
3051
8948
6777
5626
8064
688
8455
2499
1184
4435
2890
8706
81
6279
7497
4947
3269
4562
412
1268
4026
8021
3311
1620
507
7344
4678
1512
593
8366
8991
3160
4302
5848
3933
7183
5806
467
2435
5009
8542
8915
839
4233
2356
2377
2522
7005
8473
8376
593
1010
2411
6424
6656
62
8814
4073
1799
3271
7821
4477
2372
7848
1574
7623
6046
5031
815
8647
7958
493
881
3912
4725
4193
7100
8632
2989
5809
3739
8574
3689
7269
7474
6928
1835
7780
3362
2804
1385
5164
3998
4275
6856
1798
7045
7942
1426
2455
554
1951
6332
1678
1585
8844
6416
150
7436
4127
4795
5230
7970
4182
5989
3556
2745
3827
2430
5345
5901
5633
5731
8165
234
5755
3001
6620
6471
338
5037
8222
8034
2471
8177
6740
6710
7055
2256
5462
140
8659
4788
3174
8352
5186
8705
2114
2073
8359
3536
1211
3873
6992
6573
8231
1182
5335
2873
6016
2893
8968
176
3557
8533
1916
5404
5744
3418
1605
4485
372
3266
806
79
7792
4550
5
4959
7507
7187
7684
7742
4672
6183
4119
6136
4646
6927
1121
1597
314
7057
2407
8952
624
7334
1031
8380
4155
1105
2360
6668
8310
4867
3500
8942
4027
3641
7000
1075
959
3095
5643
2391
4007
6503
758
3293
1341
7124
832
3686
253
8569
690
8233
4874
5251
4045
2208
6372
7849
770
4254
5906
2157
5785
7208
4624
7267
6107
7017
8467
179
3017
6073
1567
446
7843
1840
1334
6740
8628
5253
4171
1703
250
205
6837
5086
1150
1875
7275
7921
2274
2698
8109
6205
7038
7667
1341
6461
1484
3096
1071
598
3002
3944
3694
541
2769
2075
7225
3155
2227
4901
1943
8305
4316
3276
4096
7877
6466
8168
2678
604
8695
3986
2601
8996
8509
3428
7938
4082
1873
7254
5018
7432
5105
8617
3759
1716
5415
848
8248
5853
8351
3510
1980
3885
6444
1653
7503
3484
4269
2674
2924
5772
813
4313
1248
6458
2699
6842
4215
2726
4271
8492
6563
1266
6534
6754
614
8556
4812
876
4280
6783
7503
4622
1312
1006
156
2134
5833
8175
7231
5391
4047
3508
5351
713
3569
6453
2408
885
5000
3352
414
204
1567
5146
4224
1289
8689
8338
1201
3687
240
6954
7699
4429
7636
5160
1320
4667
8858
1242
697
1779
3470
4511
6486
1552
2081
5465
3203
1133
6635
5452
7268
8797
8916
3090
6370
1945
2137
2008
364
6979
5571
473
7122
3188
4115
5344
2241
6443
6428
6372
2801
4276
2082
5307
4861
1748
4606
8953
5280
5371
4561
4640
4272
1365
4004
8120
8009
4674
6047
8
6784
2584
212
3713
592
1263
835
7051
4846
3789
2913
5781
2242
5454
8344
4308
3825
2222
8637
258
7951
799
7226
264
1577
1059
7580
5882
5257
4516
5889
3128
1464
2282
7252
2835
4522
1654
1367
6987
2364
2394
4955
415
8478
1505
4547
7760
1132
6192
4089
1115
2687
3185
4783
8713
3442
981
4400
6685
8781
6110
1128
1742
778
7858
1267
4230
8273
4947
5285
5040
1144
3018
7566
5172
842
5522
6348
4509
3310
7473
2800
4915
7153
2526
4104
5666
6820
6304
423
5805
6686
5306
7863
1386
599
1745
7931
2780
536
8804
2227
7907
5652
5596
4567
5845
2458
5806
8261
5692
3212
5444
5746
470
1328
7026
186
1613
7556
657
7029
4984
1075
8859
1969
6913
4294
6707
7457
1724
277
3122
3172
8257
7910
2600
5996
6521
1374
7293
1698
109
6459
5357
3379
1646
6212
5665
4346
2572
1287
3333
1758
3373
2012
6570
5517
5975
6230
1354
8833
2874
8476
4008
162
4657
2798
2969
2360
839
7041
8793
465
7552
1332
287
5190
2816
4887
1117
8624
5655
2727
1962
5231
2932
5455
2560
3045
3983
7938
3976
3748
2044
5849
6327
520
6057
6612
3963
8705
2301
1514
8269
5095
8945
2075
1193
6644
3304
7965
8584
221
601
4411
6240
5
971
7187
6423
1650
1109
3001
2698
4554
4288
8822
6067
8615
2528
3084
8695
3160
6245
1187
4179
4869
5225
8745
2731
5047
5712
790
6903
139
2854
5972
2666
8638
1894
3288
8521
1146
3969
6938
6756
6645
8658
4926
1538
6294
3217
5093
1299
7929
7900
8546
7063
1944
2506
3301
8202
5336
2242
2771
2418
3771
2917
3738
5778
3257
3570
1720
1367
6432
2850
912
2864
7966
6106
4297
1542
456
1411
6478
5747
2479
6287
1070
3499
6717
4509
1685
5513
593
1551
4044
7170
2018
8926
4348
5512
4501
1363
3443
2537
1632
985
8986
3738
4311
1797
4751
4765
1279
6807
1762
3576
872
3797
916
3783
2532
6794
940
2422
6954
7490
321
8632
1080
1684
102
823
7701
1003
6982
3690
6704
7313
6802
5289
1119
8322
6348
2955
3777
7751
6299
5650
3453
2978
1395
288
7292
4711
542
6013
297
4132
6897
3806
8714
6143
8914
4306
807
6973
6195
8925
128
4316
8753
3656
3196
6805
7897
8634
6460
5919
8735
8945
8730
4720
2449
364
432
4457
2036
5345
426
674
4358
5756
4340
1780
2512
3263
4872
8763
4381
7533
3854
6999
2252
7850
1635
3736
161
8335
7605
8105
7662
353
3585
3633
7883
4703
6727
3479
6556
236
4702
459
1226
4697
5894
7851
3712
1898
718
1600
8546
2445
5723
5000
1264
4310
8169
2490
2810
4153
536
4776
2891
5757
8371
1062
7783
803
4571
6344
7498
450
5488
7443
7228
4518
3806
7493
6073
3625
5236
1143
3558
8894
1032
6241
8775
1321
8026
8119
7535
1166
1360
357
2931
6852
5827
2345
222
1853
2856
7723
6768
1957
1270
3100
4491
5588
6007
8183
8299
6800
7953
1878
723
5559
4869
7645
164
8164
3299
4177
3012
6101
4567
232
4950
3358
2178
5387
5978
8737
112
5403
509
5684
229
912
1937
6294
5949
699
5879
5797
5748
5857
1118
4752
8133
3953
7907
1622
7674
5465
3456
1537
2789
2171
1959
8598
7716
3174
8857
7083
1697
2673
8083
7945
7151
6927
2373
7347
3069
7526
449
8445
4909
3321
1209
3621
5766
5261
1814
2077
2133
3625
1157
6256
5450
1339
2474
1935
7548
3424
4495
5818
275
1568
4922
2308
3679
7478
6780
2178
4338
561
3842
5042
2033
4791
2426
5
6499
3878
1602
7570
5426
6446
8205
6587
2697
887
7018
8462
4308
5186
2286
6168
118
4256
5034
5066
7052
6718
7120
6317
8892
8526
3015
8303
7424
4106
1033
7501
3216
1848
8257
5513
305
5336
4202
1033
4383
4065
1924
4126
7318
997
824
7266
7359
217
8984
8648
5351
511
5784
902
4922
6083
6769
3942
619
4500
6755
3711
3126
1321
4549
4387
8738
1889
506
4335
7923
561
6525
5598
4195
371
2373
6087
7101
1720
4544
6563
3268
6432
4033
8610
908
3126
1493
8640
123
487
4342
3202
2711
2393
4072
6343
3093
255
1788
8765
4174
6653
8672
182
6633
5315
7289
1887
2107
3483
5603
1719
6865
926
1036
3243
117
5128
543
1108
5870
8446
2728
4919
5708
8142
5256
537
3411
3916
7921
1861
3933
7877
8119
4870
4771
5511
5285
1756
7227
2259
7943
1263
889
1227
4035
3652
6714
3826
2481
5592
2483
863
8967
4605
3034
4023
2555
6021
1330
628
8982
7529
3522
1053
5806
1949
7970
3345
7438
5077
6520
6051
3327
8530
7607
4167
2693
4337
7503
4866
6550
6268
8221
2315
5934
5566
3720
6038
1448
822
3351
2757
8017
1286
167
458
4552
156
7477
6123
7937
4698
4640
6933
4859
4857
4416
6168
7911
1535
1467
286
4790
4243
1455
7301
6635
8453
4358
7788
3284
353
3350
373
5987
8107
3561
797
7298
200
7087
2982
5938
2248
5309
951
1012
5232
1656
5337
5033
4855
1914
1432
6587
2091
7856
1567
5405
1424
2866
3219
1032
4014
4175
4801
2119
4981
6956
6072
2740
3171
3435
8266
5283
3581
8160
2159
1289
4585
6967
3393
4347
5753
8726
3848
8953
7987
3615
6215
1052
3286
1073
2181
6514
7535
5725
881
4102
7285
8485
3375
918
8475
4334
6416
8697
4691
4261
3107
3536
8891
4546
4247
7500
7263
1473
7024
786
3666
1175
2152
2015
5718
7720
5409
6301
3887
8242
6053
6289
7402
2045
8949
7240
4301
8982
511
3505
6597
7020
6292
6905
140
2838
7203
1833
2232
4965
1228
6930
3157
166
3344
8107
4774
2867
827
7077
7161
149
4852
3483
4692
4187
6029
6509
4051
107
6020
8285
2891
2887
5442
8755
5423
2810
7189
2208
113
7357
2149
3928
8772
3956
7938
4422
7031
4630
8229
5077
1898
8140
5336
380
3899
7689
8805
2559
3635
3031
4016
8670
6353
48
1975
7866
6033
5730
1017
7134
1129
6932
7049
5085
3280
7697
2984
2060
6248
2941
8614
6329
3392
2532
1190
6865
6569
3158
2639
3912
2255
1530
4420
5964
6999
3301
8196
3666
5051
5295
8452
5122
8895
2431
4387
5002
4567
4064
5008
967
2272
8757
7160
278
5752
1747
4540
7898
8362
8358
6838
6965
7792
4984
1100
3600
6122
4024
5676
428
7369
6323
8563
6530
1441
585
4848
1113
5588
2027
7133
7472
988
5883
8069
3213
6941
6308
3483
7171
8422
3288
972
3599
2870
6045
4466
4467
8678
2667
4744
5249
7166
3821
132
2602
4173
3705
6898
7710
3341
7284
1097
1422
313
7710
4178
8384
1740
8915
8552
4303
5693
3041
8124
3963
6903
1741
7980
3958
8132
6434
328
6227
4558
8642
531
6123
2727
6787
4788
5579
8122
1739
8930
4611
6173
5335
8750
7289
3754
8065
7740
6105
8795
552
8586
8998
7428
6289
6076
2966
3637
2575
6685
5909
1546
5325
4427
5163
410
5959
6871
5684
5484
346
7794
8825
7707
8948
6003
2781
5978
8406
3038
1305
8335
2822
618
2983
5500
211
1036
4128
608
6615
6403
7030
7987
5482
7549
3665
716
2199
8820
7920
7163
8158
5296
8438
350
6986
8097
5410
5155
6141
4442
7608
1620
3669
7178
7518
7582
4597
8227
6597
1083
3647
689
4964
8573
5723
5509
5700
4376
7406
2008
7657
664
1982
3316
7133
2491
102
7774
6896
4284
4772
4826
7988
5671
5118
8134
6333
2716
8399
2606
1248
8283
1555
3937
2654
1705
5747
1455
4862
564
6326
1861
5740
2876
5827
7564
2060
227
6831
7809
8411
6891
7023
1614
8399
7900
4954
8035
6632
4524
5838
6714
4776
2462
6513
3023
773
3466
3700
6420
98
3620
8248
7368
6118
2142
4670
5932
1024
8323
1811
6489
3791
7609
4910
4242
6366
555
5204
4483
5698
8910
5781
5746
7058
2292
1267
5716
1498
1884
1909
1468
7674
8636
4470
5225
2226
4925
3935
3403
649
1383
5470
3495
5510
6422
4974
7087
4054
2330
8605
8496
4296
6188
1147
3663
71
2593
5823
8829
7228
8934
1062
439
3456
1643
4512
2675
3019
3202
2393
7904
4719
3963
7316
3100
2641
5774
567
6694
1045
5401
4315
5520
8787
3154
8360
8813
3057
2168
6813
900
875
5222
6249
4732
3702
4026
7291
7721
5392
4654
2295
6008
984
7711
214
6641
4659
6414
8152
5291
4756
6849
3958
5096
2791
4103
7810
4139
2072
3129
2017
8349
1110
3317
402
6934
5210
8964
5806
2331
3140
2554
5272
1616
7409
1225
6398
8003
4292
3700
8645
5076
5577
5783
1690
3327
6772
571
1945
3016
1582
2694
5899
8693
3332
8707
7290
4503
1777
793
8802
1197
1021
875
5852
7915
3157
8416
6560
5649
5070
6498
3658
5973
1282
50
1516
4470
6214
4342
1078
6385
5517
1353
8542
3192
5560
3672
6977
7503
7113
1115
1713
977
1212
6280
1058
8521
1569
1066
7728
4850
4172
1694
6975
5307
2188
5976
7327
7598
5387
3505
5069
7552
7269
8530
6896
3082
5261
2935
7848
6029
326
925
8582
1365
5807
2767
2331
2990
8853
4015
1635
4642
582
3911
433
2301
8524
640
1463
4014
168
4441
7111
1859
351
155
4733
4350
8800
4702
4156
1881
4636
3158
2722
1926
8697
5138
7651
157
6939
8257
4996
4626
626
4942
4427
2748
1304
8013
792
2757
8610
1239
6134
7647
4681
6683
8542
7733
5039
7598
4311
1388
5208
8880
5042
6886
3796
8158
7328
201
5075
6679
2042
6460
7404
8392
8396
6500
3940
465
4902
2285
6879
8113
1927
7722
4620
3043
8091
1861
6210
6192
70
8874
462
8465
3963
6932
2438
6634
7425
3734
4637
6512
1181
5037
7122
3758
7140
1378
686
580
4155
5012
7695
5033
8911
3838
7850
54
2414
8468
1792
8985
1364
4873
3544
6903
6024
1595
7987
7665
2135
3349
2073
7515
796
1685
8068
6896
1971
4948
392
20
5648
7251
8725
5024
1988
5313
8017
2171
6966
7858
7288
1845
3456
2393
3560
1647
7826
4300
8696
8133
4947
7491
7734
7686
6909
3297
8129
8286
4697
6468
7172
7759
4044
7715
6248
7728
7086
7848
3003
8007
4247
7985
7566
3375
8089
1390
8491
617
145
4947
7561
8679
1214
1576
1842
5197
7278
5628
182
6040
553
2917
210
5531
2790
589
2444
6326
6593
5628
8615
962
7116
5206
4603
1533
3133
4173
3496
3119
645
2095
2033
6978
4206
1338
7610
2850
3757
4059
5007
1942
4905
5891
5943
6975
2928
7935
6919
7594
8650
2878
4933
4927
3765
339
4129
4830
4724
8911
6421
2567
964
5926
5526
4933
8779
8151
630
7428
6715
7288
8178
3300
7829
7453
7677
1367
3000
4053
7071
7070
6929
8256
764
2667
2469
3547
7494
3786
6149
6223
8845
6955
7513
7850
4751
4466
8265
6260
3396
6867
2829
2878
7481
5305
8717
5705
7875
1945
7188
7535
4515
6305
5494
1371
3301
1049
2454
6210
8638
3392
5724
823
7515
683
2980
7254
2853
5587
1956
2446
918
8411
3754
5029
4918
6773
8957
3651
6505
2716
1530
1587
2181
4291
8341
8992
6348
3139
2155
1089
387
7604
6147
8658
350
2477
4507
4885
6691
65
601
5752
505
7630
4048
8758
7916
6671
3472
853
2698
4476
8782
4065
6846
1598
3229
7273
8118
8800
7269
3348
4953
7929
6558
6740
6146
4147
2096
3878
604
8544
3103
8400
5780
1168
713
3539
1449
8485
7493
2656
20
938
1461
1452
3596
7909
8376
2360
2602
8467
4782
8168
1904
4180
59
3181
85
4677
8913
4301
3170
1223
2507
1343
2109
6393
8004
7109
397
437
5661
6492
3235
8439
1650
8786
7184
8304
8343
2083
3453
5837
8415
6952
2084
3763
443
7878
5226
7333
8221
4021
5463
5891
858
2668
309
37
1720
4370
8117
2550
7559
3425
1084
7584
1921
4857
5752
137
1313
8971
1605
853
2379
3384
2455
1640
2660
3519
7429
2195
5715
1054
6468
1887
5568
1768
7960
3006
8289
5939
8103
1832
2252
6601
8832
6629
6757
694
6001
3182
7360
1672
6598
1059
8961
4559
5704
7624
5783
5185
5676
5668
2292
5122
7751
4604
4373
1483
7902
4513
8575
4433
7677
7155
4981
6230
6311
2333
2744
3697
3181
434
7690
4252
1913
6317
4802
8928
5399
5245
1973
4103
2
1156
7451
5678
3866
8490
5009
5297
2112
8345
3628
7761
4323
2613
4726
7500
2264
3744
5799
8034
7577
2221
6026
1887
7349
4115
8796
595
5351
1157
886
5846
6396
6007
6190
2325
6591
5843
860
5225
3333
920
3290
5814
3531
3954
7981
4497
6413
5796
6941
362
6737
2285
8557
3038
2674
8112
2340
4956
7512
7564
3742
7827
3785
2907
3755
8381
5356
1503
6230
7845
4445
6029
7935
7637
5058
4319
2269
28
1008
4446
3318
2624
5353
8553
6617
7072
3366
6166
8158
3069
4322
5919
569
2062
6609
8563
3272
6046
2173
5224
3615
6194
5578
1749
3512
7371
4813
3227
8256
1236
4395
627
7513
3932
434
5533
7233
8415
1105
2401
5119
2067
2543
4042
5342
7987
6521
7616
4836
3838
350
1418
3735
2929
5525
421
8309
3904
114
6617
6093
5876
6630
6157
4750
934
8739
2088
8081
4257
2438
80
481
7891
3061
3810
3572
2945
8097
4171
4798
1455
4500
1340
6549
247
4975
6091
5208
7316
5203
8476
6056
153
1887
4608
5344
6224
7685
1418
6585
3794
4326
7613
1167
4260
4294
8925
6822
942
5619
1342
786
4577
6588
866
6452
5054
1040
2451
4654
7577
2390
5225
5005
2882
1288
5240
3424
8237
8358
7940
7109
1482
8439
8006
8036
4867
6721
654
8516
5102
8297
5868
151
2859
1156
3928
7336
8850
313
3322
922
5353
51
5040
6994
4480
2969
289
3755
2571
8117
4952
2411
5889
4572
8158
4039
8398
5148
810
8286
703
1056
6943
7259
755
881
645
2221
4817
6378
6329
1913
8488
2924
6904
1440
522
599
336
2489
6467
3330
6638
3439
7320
7132
6305
8839
2502
5879
6451
4231
6594
7594
2681
95
8400
8956
1158
4169
8494
7667
6896
5323
3106
8289
8841
1428
2913
6205
6976
2448
1590
7659
967
155
2243
8938
7854
3842
1686
1849
2437
6927
5500
2521
6497
8080
6274
3159
7011
8694
5311
3216
5360
3600
3688
6345
2253
8155
5141
7986
5756
6029
8853
1723
8247
2788
3251
7098
6494
3194
3547
3956
73
4203
6030
265
3808
2531
8005
1765
7502
1435
6646
6108
3914
5689
2202
2970
479
7982
3089
7736
3138
7708
7311
484
5333
6377
5532
8767
5128
7400
5380
7179
8714
3286
8373
467
3815
634
6816
1762
1296
4064
2015
3270
777
3422
4335
8032
3695
2398
937
271
7443
2124
7810
1074
5052
6274
7762
8431
2704
1687
7593
3438
6073
3172
3436
8086
3081
4809
7705
2425
1818
5279
58
5586
5251
723
2146
660
5651
1999
3774
5581
8938
3240
4121
3761
854
2893
609
7056
6354
1519
638
8394
1877
4284
5173
8172
177
5494
5354
5966
5394
8749
476
5875
1916
4674
7981
6118
1048
5527
7266
4641
3485
6181
3514
2378
1280
8415
7412
2555
5594
2231
7216
1250
135
6636
1503
6104
7262
6674
4220
589
3294
919
2608
4303
7265
1155
8903
3443
5128
1533
1825
7479
276
6027
7327
5046
3580
2740
5925
3536
2337
7509
3044
5641
8758
8113
2180
8193
4634
5843
4653
1811
1766
5092
2124
3579
1360
3184
197
8598
1656
6948
2226
1410
4871
8390
2842
8674
4172
4160
3897
434
3392
7118
5516
8011
7736
7234
5265
2128
8096
8548
8722
8223
7824
8385
7451
8970
7411
7532
3486
4497
3205
8917
4048
5784
1090
8296
8653
6797
368
4517
4364
6546
8663
6806
7263
4395
4310
3466
1021
2277
3342
1894
8492
3677
5828
2036
2899
5551
3129
4619
5025
801
7281
2540
823
137
5558
139
4941
1101
5164
8007
7666
1449
3072
3136
4405
650
6981
4883
2489
1685
6551
8662
6676
1772
1555
4578
7454
2166
5183
3237
4467
1595
8127
4933
5942
2915
5447
346
2489
7901
8655
460
3129
7699
2269
575
1424
360
4684
2860
1334
6711
32
5847
5081
7412
3197
2654
1003
6449
4180
2397
2980
1004
1061
5383
6771
4619
2177
320
8116
1823
3660
2835
7335
2447
7150
8677
8159
7157
8969
4384
1640
8774
8503
5822
1982
7076
2915
6927
2045
2370
6022
1585
7920
773
6664
7312
3919
1546
1026
4096
7352
2041
6236
7003
5374
8701
2440
3499
7183
2272
4984
6928
4715
3932
8617
3566
5472
4864
69
1046
6086
5520
2917
2619
26
7316
8882
6712
5115
8645
4247
4830
5844
4250
6835
5747
6398
5481
846
4750
6607
3495
1342
1199
1264
8134
2973
1836
774
4439
2777
5496
4213
4012
1338
801
8725
6316
1544
8032
4662
6644
6661
5021
3292
6582
610
1765
1673
7621
361
7755
7197
7221
7747
5728
4209
354
7060
1271
7308
1403
1188
2778
2613
2118
6877
3810
5059
8822
5791
5667
2631
6294
5598
7553
1522
5023
3066
805
5986
1324
7993
222
252
6972
1552
6162
3442
5277
8596
1521
5616
6689
8222
7217
5252
8924
5126
6605
4374
5218
6744
7976
131
8138
5477
3324
3610
6289
1978
3006
4233
8873
6631
2149
8190
4914
7811
7798
3907
6507
8178
6299
2576
8346
2957
7439
3575
3167
1168
8056
980
1637
1249
3858
560
8670
8324
5972
8185
5920
6756
3978
5413
2749
2077
1080
6325
5131
3305
7252
2711
5895
630
3272
5893
5332
3667
5208
3858
161
2747
3578
4338
8984
2005
2169
8183
1967
2473
8364
1172
196
3039
2624
8729
6327
5716
4718
4675
8982
6883
3817
3278
2342
5059
8820
4589
6074
6717
7701
4399
1423
2374
2443
500
1300
8035
560
8284
3571
5790
3825
7644
7278
706
4663
7359
1696
4046
2312
5987
2756
2179
134
5219
5654
8783
3481
8581
5428
3517
51
3734
8145
1485
6282
2097
1857
6141
6203
4575
3003
6640
2782
6342
2879
5538
6776
8991
7620
3181
1292
6610
8282
398
596
761
8635
1867
6625
6797
1546
5965
1494
3124
1866
4529
1225
6947
901
7945
5823
7252
8125
2810
2797
6332
3560
3420
4136
6295
6179
3457
3727
5673
2235
4273
4141
2029
2846
6525
6723
2774
611
4554
7666
4971
7209
5000
8234
3359
687
8006
5406
6228
1752
783
76
7758
5073
741
5144
5970
5400
382
3768
7982
3107
5415
2569
4137
1073
4925
7657
7652
8722
5174
2246
7243
6567
7940
481
6765
8671
3542
2541
4570
8630
6259
1786
7851
2451
7606
2765
4071
7476
8327
8006
4233
6738
5840
8549
4661
986
3609
7772
6609
6830
8283
4719
717
2305
4359
4806
3719
2300
2342
1516
3773
582
3796
8863
7202
2804
1187
4950
2060
633
2467
1644
1054
2182
8840
643
2376
1087
2
4627
1882
3327
2852
8633
3365
888
293
3133
1513
5298
2185
22
7702
5866
4193
5918
5507
1456
8055
2572
7268
1836
5624
1521
8670
2670
1488
6812
3394
6986
5622
5634
2228
5492
4697
5272
5221
8817
1403
1888
7410
167
7006
160
8643
867
2113
4013
7911
2034
3251
8459
5700
2321
8327
2262
7865
3727
2171
6114
7155
5746
1389
1929
2640
5166
1662
4914
1767
5074
7984
6346
4108
884
7106
5524
6871
2849
8610
8824
3025
6489
6543
4811
2909
4286
2739
1021
5733
4239
7291
4866
8895
6701
888
3530
37
5068
8241
8104
106
5566
8657
5849
1347
1639
3066
6956
7072
4781
7363
1882
5456
8701
6145
5787
5277
5851
2756
1587
3847
476
5378
3976
7233
8493
6965
3295
484
8870
5072
7817
408
3848
5358
5107
145
4947
6460
4262
8656
8348
5512
810
6368
8827
4748
1214
7749
3459
594
819
6515
3345
5470
3741
2881
6803
7328
7948
118
123
2073
4475
4945
3024
1337
5311
4853
1832
3122
3720
875
210
3514
8471
7433
2271
5450
390
6204
2085
142
5506
7609
1453
1923
313
1549
3425
3355
2834
4987
5931
2529
8560
4146
6297
8297
3960
7155
21
7193
5331
8081
155
2154
5941
6299
3993
5128
6137
1448
2624
2046
7234
8314
1921
8786
1363
4045
7533
575
822
3145
6115
4423
7233
1587
5169
275
3727
3901
6741
3225
2650
315
6521
5950
2387
3349
4715
5306
5633
7941
778
7143
879
3578
972
1225
6463
2384
3884
5856
5465
7805
5532
2308
54
7234
7164
1492
5249
5051
7818
2742
4950
6774
7455
6882
3061
7320
677
7201
1325
1210
6523
49
6474
5710
6687
4722
6745
3816
3954
5183
1379
7785
4403
8087
4540
5044
7609
529
3661
4998
991
2942
8429
1630
4192
7898
6169
329
6054
1349
7333
8705
7404
942
7399
2107
8320
4312
6841
2215
8163
3525
8991
5823
1886
8953
2846
5299
2438
6472
6180
3436
3361
8734
3562
139
7169
6784
6667
1386
2492
5075
8980
5746
7161
1928
3033
4034
7090
5627
6089
7215
1457
665
6675
8450
6884
5311
6120
7106
243
4759
4162
352
6252
6338
5204
7446
1359
8254
555
3255
3190
8492
5893
561
3243
2096
7787
6776
1371
6538
718
4278
2999
6041
2803
7825
3639
393
1839
1395
3769
1391
7642
5036
1816
1804
7032
1364
5645
4798
5661
8733
5183
1620
3178
6277
714
2005
7744
7898
7954
3710
1387
8282
1569
2499
5060
7452
8175
8954
2483
113
6053
2010
4207
8178
5912
3921
4011
6601
1117
79
5821
4521
6049
1370
8730
7779
4006
4728
8448
7145
5512
6556
6743
5369
2528
8499
4321
5940
1893
7840
6285
8111
2850
1466
728
1387
4092
986
7057
2373
5730
5030
6099
5438
5524
936
5291
2493
6140
6147
5931
7126
8016
7176
7230
2926
8497
1800
2716
3361
5791
3109
6213
4542
1178
4447
1293
3211
5759
5450
8423
2805
1262
6929
459
1254
5441
3165
5665
6161
4760
562
2090
6673
8078
1756
1351
6666
1682
2417
353
7074
6241
4674
3880
8104
6438
6424
4523
3509
566
4381
5687
4536
6216
5118
1578
7705
3951
7369
6687
7220
8009
361
5520
4384
5260
5446
7974
4175
2647
6976
8556
1051
7958
8427
3641
7312
2747
4710
6879
7366
2041
1245
3055
7357
1902
6359
6233
8289
972
2189
4149
681
2821
7946
7773
601
2908
2524
3087
2306
8892
1758
3672
279
8927
3762
732
1542
7277
6862
2982
616
715
6015
2783
1936
8987
4261
1615
4384
7044
7476
2602
742
5948
7134
2905
266
8370
1884
4728
2437
1628
2871
5398
2278
4407
742
7707
3763
7668
2268
2689
8386
1324
3892
162
4070
5561
6885
2161
5770
8814
1385
3044
4536
1613
4832
3840
8979
4671
5583
4120
4818
4507
4917
7973
1729
6643
3928
234
5147
3081
3756
4311
6410
5830
5860
8671
7486
1345
5422
86
2923
2281
7510
8357
1931
7408
6572
323
8173
3164
8651
7650
7353
7312
1800
5834
6211
5066
2946
5510
982
4744
3868
482
4452
5090
3084
6300
1553
5452
1532
4461
4072
4239
7271
4338
801
712
8882
8281
7464
3160
5036
4163
4215
8283
5162
5616
6332
3102
8636
7028
1127
2252
2572
6559
2177
3274
8502
3631
5077
2531
4145
7879
6058
5150
6766
1768
2593
1559
4923
677
700
4945
7677
5632
8824
5721
4043
2500
723
1254
8312
669
63
7635
2453
2354
6838
2096
5235
6290
4000
877
2735
2339
1683
4199
6281
4701
1395
622
4196
4176
3551
5465
2786
1645
8287
900
156
3462
8586
7824
2890
7560
8844
1239
7316
2333
7348
3239
7375
3456
5980
2324
6744
5886
1156
3926
839
4269
8206
2545
5553
3040
1940
1982
1817
2391
7454
1813
3037
1617
6381
3796
2278
6984
713
612
1661
171
3704
2555
2220
2295
1506
6125
6872
2786
4207
8970
4172
2870
3139
1327
7030
8758
8231
5792
7719
8144
1582
7792
5826
3868
7993
4860
8566
6468
3536
1524
458
3469
4847
7601
6076
7037
8644
8659
1119
3550
8566
3539
358
2092
4781
6573
5837
8675
3729
7319
7294
3882
7263
2955
6358
4163
7219
2279
4370
1997
3998
2521
2280
4835
2578
5041
2237
8275
6404
4307
4699
4821
6168
785
5221
916
455
1033
8553
2395
2742
4849
7813
1787
8676
1651
2130
3903
5240
3824
7068
3101
8815
3069
7861
5924
4521
124
2356
1263
3388
4542
8222
7291
365
3364
4486
8405
4477
5827
6748
2697
3131
8697
2365
4926
2510
6300
447
698
5087
6885
6188
2908
8018
4557
1141
5199
4001
6149
4102
7331
3517
6378
3963
5930
5335
8418
4125
7142
2389
6257
4229
718
4203
7491
2873
3282
2787
2651
634
1724
2380
6667
3739
4041
2994
6565
1704
7483
7099
7781
3548
436
8228
1534
3735
1490
799
3300
918
2671
3531
7740
446
5368
3033
7620
6473
764
2023
581
6278
5850
1565
189
3449
1171
7033
2968
4811
2099
3539
1538
497
3533
2454
4731
8677
6418
4652
2141
4740
8074
6876
3454
5517
2379
3835
4579
4526
1257
223
5739
3675
3223
3113
4314
4491
3992
7651
2779
2681
6934
772
2791
7434
5701
7913
595
892
6209
4719
5579
690
1990
4458
7042
2180
8258
1418
2194
1797
739
7834
5678
7592
3549
2149
1133
4341
255
7076
5642
7062
4979
3676
462
6610
8388
6515
6210
1411
8141
3505
7602
2578
569
8002
2653
7002
855
8708
522
7369
2942
5881
2583
5924
1427
1747
4882
4626
886
8487
6763
7507
7751
6998
4580
3433
4529
4298
4200
4694
4910
7968
2132
3451
5947
6352
2679
904
5943
6084
4053
541
213
4669
8581
7382
5335
4200
7168
5870
4052
7285
1402
4918
1835
5679
2834
6254
1414
7102
895
6399
1712
1049
8044
4345
6666
5513
1118
8912
4186
1259
2883
3083
8461
4895
2143
7454
4562
8221
8791
4335
3200
3420
8514
1934
6379
3055
6544
6215
3213
6030
1483
4536
291
6498
7004
3946
2136
4044
8550
3398
2551
2511
3320
1535
3465
6644
2364
3233
882
1214
647
5623
3129
2039
3863
7666
5419
1092
3734
7807
771
1679
7002
626
2285
5285
4235
4152
2406
6703
3854
5759
2423
7206
3208
7498
3430
7312
5230
2207
5111
6230
6161
3985
3876
3407
8671
564
1977
6675
8571
3337
2761
5683
3735
1724
7740
4534
4362
4198
8690
4870
4837
6382
3021
8224
8273
3772
56
5950
5289
2911
5550
202
5207
3524
2613
569
8676
8834
4222
5374
3714
3193
5964
3465
4424
1708
7731
7754
6317
2029
2956
2522
6954
6062
102
8828
8971
3751
595
139
4992
2845
3851
658
2832
8635
6583
1726
3784
7992
1182
1172
3038
6564
7163
5978
1498
3442
5340
4499
7301
5443
3857
3522
88
3644
5021
1179
1679
6593
3419
2362
7090
1547
6699
4171
5176
455
8041
5253
8906
8102
8040
2066
3188
2992
1054
3002
1138
3816
3630
251
5466
1871
5674
2657
3326
608
7810
1266
8544
3280
2484
8291
8334
1649
5755
760
7005
8916
5946
552
4410
3188
1342
7234
1805
6480
1687
4506
1059
1002
6550
3414
536
3228
752
5282
4913
6285
6375
1295
266
6500
1456
7517
5264
3422
4385
8179
4020
8112
5446
8654
7402
759
5261
1698
6746
2754
5500
2386
8777
8615
8446
3107
8374
1181
3381
7859
5061
4942
6189
7288
2213
4881
1056
1674
5060
2308
7576
8361
6556
6985
4103
810
6456
8036
7345
7449
8754
3161
7391
1659
4453
1845
5866
3861
5537
1331
7951
3192
4882
7177
3024
350
1149
8920
3291
2410
6708
5547
665
2215
311
5775
3063
6522
5699
260
170
3167
298
7842
5571
1361
3046
1434
4174
1042
5661
4636
3624
6515
6953
2433
8329
8978
3027
28
8029
2761
5602
816
5149
7424
456
1340
8194
6899
2175
7013
1448
4180
6823
2573
7327
6335
2219
447
4409
1847
6333
6265
8473
6994
3432
6579
2995
5798
5120
270
2849
6383
1438
1076
8322
1890
3440
257
8742
2631
3803
1485
5016
939
4674
486
1972
1230
5916
2876
4770
5911
8996
1478
2396
5584
5801
6720
346
5958
4769
5977
5137
1037
6402
8539
4315
799
7798
3058
4459
8107
1063
2703
3338
1663
25
2903
573
221
5556
4955
4967
6977
3073
4078
5685
6452
8571
7981
6644
6092
1774
7295
5143
3774
4103
4452
6440
4528
402
2594
2516
7208
5297
4325
1613
1580
7620
4939
3582
7009
8588
7231
3039
5625
2253
2351
4546
6992
1809
2024
6154
3678
1482
7637
4955
4098
4772
4578
6136
5964
3236
5952
1458
555
3969
8943
5023
123
590
2541
7388
1010
3511
5542
972
2061
8240
6142
6722
7167
7113
3156
4249
8853
4713
5361
778
3505
2422
8587
2825
4200
2005
7128
7644
1294
3708
2844
8174
5942
7039
7172
6944
7015
7145
8628
2544
8249
4361
8941
5986
8003
827
418
188
1567
8207
5808
4560
2191
1639
8229
6493
5057
6203
2603
638
7277
1563
6721
1019
7133
1586
6889
2189
4261
6199
3775
5303
5255
1702
6824
8303
7857
1864
3025
8317
8992
539
1400
4071
1206
3237
8332
242
7215
8027
70
73
7460
1538
6415
7194
8009
5391
4789
6813
1575
5467
2094
1664
4458
8438
6906
723
5845
129
4876
6562
8566
2460
5502
8858
511
5360
1319
8708
6529
3974
8770
8856
2153
4932
8577
4796
1832
7970
3464
7024
4883
8024
4908
2017
5009
4416
5427
2127
6502
7459
8856
6893
4121
3063
5376
3255
58
1530
5020
7344
8502
1637
6968
8740
5553
4225
1480
65
8695
209
8006
4556
4127
731
4965
3628
3681
147
5663
6712
5680
170
5287
2354
4145
7976
2841
1854
5381
5632
2914
2600
2978
8718
2150
2407
29
5400
4609
61
934
8614
8728
6238
7558
910
225
4147
289
7939
4895
1261
5952
1264
1611
6408
1974
5741
4906
8228
2049
1883
5994
2304
5632
4823
2251
7598
7940
8760
246
3983
5984
1558
7762
3910
7115
6452
7044
8740
3567
4790
4785
1573
1248
8919
2595
1111
6643
7186
2867
6274
5531
688
4712
5731
404
7670
5529
8707
8245
8122
6096
4535
992
1301
8510
7477
2674
5253
8747
455
262
6373
6598
7024
7584
2007
7734
943
5958
6819
6438
7405
3484
8261
5138
1697
131
6401
3963
2737
126
5717
8441
3397
1978
81
376
2937
8679
3615
5952
177
2643
4578
446
4145
5118
3460
4462
37
2370
5137
2682
451
4769
7136
2713
7419
19
1161
6706
2191
5712
1858
8446
5655
2529
560
263
166
1571
5023
6563
4166
6734
3987
1611
3775
8825
7415
1716
4019
5314
1458
7595
1351
1548
8882
6576
6109
6876
8361
6201
4466
4659
4303
2688
1990
2027
324
7002
339
1486
3198
4106
6799
5827
6731
7968
3285
267
5370
6370
4215
4532
2433
1145
2003
7130
358
6143
3701
4057
7158
2910
8585
7913
2325
1246
4870
1519
2789
4956
8364
6315
6690
6595
3679
6673
236
7714
4544
1213
8319
943
3325
8883
1384
4806
290
8235
945
8172
227
8054
8528
4465
493
1029
5055
8354
1516
4336
810
5522
4562
4144
4257
2118
7322
3277
6697
7740
5126
6431
3415
5314
3916
5000
4589
4045
6829
7519
2792
1943
813
7067
6530
1762
7632
3369
6440
2184
2872
8047
2326
7668
4719
3325
853
8982
1031
8332
5491
6804
2647
7346
1853
4903
2433
5589
8232
2683
8274
3335
5129
5102
2414
4740
1846
8134
5032
107
7578
3086
8276
1194
3426
1810
7248
7219
5938
8384
5320
2940
6228
2690
5847
189
8697
2530
3777
6511
4741
1387
5983
5983
7013
1961
8962
7794
246
3937
4075
2041
3297
8578
2971
5231
5697
7218
5502
5908
1204
7809
3072
1784
5933
104
2453
4522
2982
5452
533
3247
6743
868
3177
304
7419
1281
5288
1520
4977
2706
1557
2717
8704
3398
8448
2442
3034
358
6489
6788
2631
7552
2887
8528
12
910
7897
7276
7260
1828
2184
6186
7748
2374
4423
8022
2787
5739
1318
1232
4434
291
2895
4771
3170
5207
3608
228
2197
2585
3764
3674
7527
1616
5546
6700
8846
5762
1220
6720
6236
631
6980
7680
923
3853
4033
3889
4658
4296
4465
8566
7449
3958
7083
8617
4242
7482
6497
915
5784
8022
2161
2712
1653
1695
6882
5577
6876
1001
166
7859
2669
4598
8776
1532
346
7091
951
7181
139
8786
5971
1255
8981
1001
6060
8719
1374
5093
6750
471
4909
4636
3356
6077
2014
1595
2611
4376
8702
7194
7965
6923
7485
767
6365
4255
5606
5408
1459
315
7347
174
4786
7134
3603
751
4502
3097
3177
2612
3995
8492
4924
4024
8094
3907
4612
2083
2903
8186
6376
3347
5909
1937
2606
6838
7227
5472
8249
7012
5704
3984
8225
1626
6948
1113
3245
4830
7475
6446
3461
4426
4302
8961
431
3823
169
1608
8601
1847
7411
7118
460
5247
3504
2
1695
5867
5733
40
1334
8066
7000
5809
3594
5523
2575
6731
5701
329
5740
5681
1487
4496
3104
7335
6206
6925
7780
7394
991
7369
4465
8079
527
3988
5441
870
8179
3830
5623
6893
6687
1710
4526
3756
217
5466
1872
2330
5627
8691
3927
3338
1366
6635
3007
7715
8169
7024
2187
7263
6712
7410
7867
7006
1937
5791
7461
7834
3396
5214
4028
60
2498
1163
8968
1872
6262
8558
645
6777
644
8465
178
271
3527
7111
412
4130
6580
5050
5386
1187
34
2829
4864
3876
6771
5226
6997
1801
4933
3146
6704
3759
1413
5725
3358
996
7657
1342
801
1077
4014
4917
7253
1457
2610
1182
4487
1490
8767
4292
8302
3119
5174
8907
3194
1496
8216
3474
8719
7501
500
3030
5591
7198
7635
855
3447
2278
2522
4848
7983
1373
6111
2897
6477
619
8568
2067
5549
6823
4925
4962
5234
4998
5492
1736
219
655
257
7552
8787
7004
4368
7343
8767
6178
3692
2112
6102
2114
2563
4010
5798
2429
2053
4260
1502
222
1827
1999
4564
2828
22
5338
4747
1724
6533
8352
5220
3222
4098
7701
4014
904
3920
3349
4515
5596
7594
1337
6522
7177
3766
4315
7668
921
8802
3697
6820
6673
6455
7111
859
7173
324
6355
2248
4284
6328
4850
6770
7640
1675
8258
2431
667
67
8044
1375
7961
5066
4477
7789
6379
1863
1440
5788
532
8887
8493
2061
3325
1731
628
3183
6568
2857
8651
1997
6486
103
7721
7908
4603
1875
7615
4686
4653
3491
4670
8190
6084
3756
720
8077
8934
5962
815
8312
8335
6827
1850
2813
2701
8674
6673
270
3637
6876
7869
5645
6758
1345
3447
4954
7820
2613
4242
2902
1300
4342
6303
3859
5316
2341
7122
1430
7660
1250
7947
5054
6570
4134
1357
1513
6450
5730
170
6557
7417
1936
5909
7357
6514
5550
368
340
8315
4289
421
6372
1427
5367
8753
782
5024
5018
8988
4688
1810
6941
1431
8977
579
2117
1998
2806
8108
395
3342
259
5659
8766
7599
6921
7646
2366
42
6828
4698
8151
7347
2478
7087
6566
4022
6635
7960
7691
1206
2613
2716
5961
7350
6644
8000
8788
5197
1332
6901
2872
7321
5611
2146
3596
3777
8521
5305
2337
7851
7283
1150
1055
8334
8095
3102
3969
6324
8559
5513
5264
6254
6078
3857
2829
6449
8832
4080
4928
4826
6368
5248
4565
2844
7159
2356
3900
2875
7587
2288
6795
3453
5823
7252
2176
8763
6295
3150
920
4877
4422
2106
4604
1119
2947
3056
8571
8650
3608
4425
8032
2941
8296
6010
4928
4982
2386
4009
2219
2396
2089
7006
2319
4494
7278
7409
3324
7745
4585
6135
863
6958
2100
7652
4100
3888
3555
3246
7177
8578
6895
7619
2819
3653
4807
4771
8396
8932
8622
2591
6090
1415
5508
4146
5194
8770
7665
8879
8845
7164
7655
4374
3769
8265
4106
6621
4913
3321
5033
5803
8621
2958
799
84
4817
8846
2724
5877
3949
8176
2913
4291
2209
1409
2770
844
4236
290
2041
2688
2915
7762
5155
6014
420
7685
6909
8468
6836
7166
2472
5035
8233
8103
6122
5335
882
4327
6887
6282
8769
4645
3366
1836
2575
2011
7903
4343
3384
6749
7562
1267
4145
6421
1559
8068
236
2090
2225
6640
2868
3731
7949
3824
712
259
3525
213
6572
529
3838
4313
6084
4646
628
6201
1324
1032
7273
7787
3702
878
3522
7978
5448
7656
1036
7797
7134
3901
6666
1324
4405
6877
1917
8093
4403
6771
1404
1285
752
6144
8282
4844
4383
5876
7905
8256
4460
8330
1494
4801
3238
4174
3524
1759
7369
5970
6051
4502
6254
2106
4890
2435
5466
5869
1031
4033
6808
6680
3129
7810
5591
331
4340
7115
5098
1797
2973
8374
6739
4957
5329
3105
8705
1383
8929
3125
8857
4677
501
3248
5899
5639
1608
6657
7325
5515
4341
135
8478
6000
2113
2118
2962
7341
5929
8712
4876
2667
8795
400
194
5543
3939
1903
5646
2824
1674
6424
4427
1460
4027
4936
2002
1106
1036
1586
3801
8559
8747
759
829
2477
1248